###
2332 wrong out of 100000
97.668%

syn0: [[5.361859162862831, -0.23904457969786924, -9.918336180047719, 13.406714997211049], [18.578672782467294, 16.272591734925502, 2.279287497888851, -1.8862457044018655], [-15.92662335062605, 11.151827797774189, -5.708884842594113, -10.476684156644188]]
syn1: [[-20.24959983675837], [18.02306138573001], [-20.10755806181878], [-19.210329991025475]]

Iterations: 1117


###
3330 wrong out of 100000
96.67%

syn0: [[3.586463043646089, -16.10873181233556, -0.6917489527283485, -18.86993056285066], [-15.188642761394075, -7.38857403806372, 14.974911438456646, -1.9557188195260526], [-13.24793294266454, -15.3025812800126, -11.51128398147989, 13.302485570479199]]
syn1: [[-13.567967580808613], [-13.923673972965611], [-11.601409526212372], [9.85966762552619]]

Iterations: 484

###
1928 wrong out of 100000
98.072%

syn0: [[1.2231501910834714, -17.15855793374286, -11.750720125708304, -2.9905608047335837], [-14.69470116851756, -1.112599829416386, -1.5955404814389145, 11.40251308911184], [-11.347463720088912, 10.708666681214218, -8.925010753804434, -8.457562759436916]]
syn1: [[-17.70543143627792], [15.348966321839288], [-16.32340694990138], [-16.069268480736596]]

Iterations: 664

###
2638 wrong out of 100000
97.362%

syn0: [[-22.372916057946526, 4.586942670137087, 1.089556275411648, 12.618437202953288], [-2.7614784437201574, -28.434486979508097, -17.983838101260655, 0.3592926782130785], [-18.2650431060276, 18.5644586359416, -11.277439017627836, -8.096092297034863]]
syn1: [[-28.915059461443246], [26.97009289860032], [-27.550166778878165], [-27.149566221060223]]

Iterations: 2903

###
1948 wrong out of 100000
98.052%

syn0: [[0.980863523203971, -0.9492122310794671, -15.70860475573284, -16.855691452929797], [-16.068118748878007, 9.532937920428507, -3.555877912225892, 0.07796029683487311], [-13.565121632706719, -6.211097365778292, -11.887481012004665, 11.107202838008677]]
syn1: [[-14.079592179798865], [-12.620843645358452], [-13.53983772582417], [11.998556274009875]]

Iterations: 492

###
1820 wrong out of 100000
98.18%

syn0: [[20.458147053039532, -4.988750183352903, -16.427343185090535, -1.2253582973130641], [-3.4222363192385177, -38.28562452735785, 0.5485159474286798, -21.225925899288637], [-15.845687767180248, 26.81731865527919, -12.791458375638435, -16.305703694895676]]
syn1: [[-50.7482448989335], [48.34698923200649], [-51.33154982250547], [-50.92056995680501]]

Iterations: 3